4ab70000
00000000
91cbd94f
00007f45
00000001
00000000
91eb7030
00007f45
00000000
00000000
00000000
00000000
00000000
00000000
00000000
00000000
03000001
00000000
00000000
00000000
00000001
00000000
00000000
00000000
03000001
00000000
00000000
00000000
00000001
00000000
00000000
00000000
03000001
00000000
00000000
00000000
00000001
00000000
00000000
00000000
03000001
00000000
00000000
00000000
00000001
00000000
00000000
00000000
03000001
00000000
00000000
00000000
00000001
00000000
00000000
00000000
03000001
00000000
00000000
00000000
00000001
00000000
00000000
00000000
03000001
00000000
00000000
00000000
00000001
00000000
00000000
00000000
03000001
00000000
00000000
00000000
00000001
00000000
00000000
00000000
03000001
00000000
00000000
00000000
00000001
00000000
00000000
00000000
03000001
00000000
00000000
00000000
00000001
00000000
00000000
00000000
03000001
00000000
00000000
00000000
00000001
00000000
00000000
00000000
03000001
00000000
00000000
00000000
00000001
00000000
00000000
00000000
03000001
00000000
00000000
00000000
00000001
00000000
00000000
00000000
03000001
00000000
00000000
00000000
00000001
00000000
00000000
00000000
